2.4498165069699764 54.7092 3.7344199999999996 4.34049 0.8788020000000001 0.0225143 45.8 47.15 51.25 112.35513333333333 110.48623333333336
2.4509705320060595 54.7063 3.73526 4.342219999999999 0.879591 0.022618799999999998 45.8125 47.15 51.375 112.33936666666666 110.48413333333332
2.4521931684892593 54.7047 3.73389 4.34276 0.8799809999999999 0.022355700000000003 45.8 47.175 51.5 112.392 110.49676666666666
2.4495985898868464 54.7015 3.7366 4.34208 0.8793569999999999 0.022462799999999998 45.8 47.125 51.5 112.37813333333334 110.4501
2.446914349133813 54.7002 3.73771 4.34286 0.879967 0.022452700000000003 45.8 47.075 51.5 112.36826666666666 110.44893333333334
2.4460677118715917 54.6964 3.73651 4.34364 0.880391 0.022446900000000002 45.7875 47.125 51.375 112.3655 110.4346
2.4450241258209338 54.6929 3.7375800000000003 4.3423099999999994 0.880186 0.0224798 45.825 47.175 51.375 112.48075 110.46865
2.4434324131553167 54.6877 3.73889 4.34164 0.880539 0.0224425 45.8 47.175 51.375 112.5132 110.581
2.4424709014871504 54.6846 3.73939 4.34261 0.880811 0.0221685 45.75 47.2 51.25 112.44045 110.44075
2.4497964877652403 54.6808 3.73991 4.34259 0.8798440000000001 0.0222759 45.7875 47.175 51.25 112.44735 110.37405
2.450553657483478 54.6803 3.7391 4.3429 0.880368 0.022277099999999998 45.875 47.175 51.125 112.50425 110.4283
2.4461274714086696 54.6806 3.7392199999999995 4.34398 0.879799 0.0221172 45.925 47.125 51.375 112.4887 110.48200000000001
2.450611442822544 54.6827 3.73907 4.34333 0.880437 0.0223545 45.8875 47.0 51.75 112.4894 110.5717
2.4516997091362085 54.6849 3.7379599999999997 4.3445800000000006 0.8796350000000001 0.0224748 45.85 47.1 51.625 112.46545 110.492
2.448942280463078 54.6885 3.73945 4.34476 0.8802260000000001 0.022253099999999998 45.8625 47.125 51.5 112.38055 110.32085
2.4502808836290164 54.6919 3.73821 4.344040000000001 0.879918 0.0222418 45.8625 47.125 51.375 112.45935 110.4053
2.449307564448373 54.6964 3.73527 4.34506 0.8800620000000001 0.022361199999999998 45.875 47.15000000000001 51.375 112.502 110.50365
2.4444262182546 54.6998 3.73757 4.34508 0.8807450000000001 0.0223794 45.9125 47.2 51.625 112.48435 110.52735
2.4521034130022556 54.70399999999999 3.73576 4.3451900000000006 0.8793700000000001 0.0223213 45.925 47.275 51.625 112.5064 110.5805
2.445342558285464 54.7087 3.7372199999999998 4.34544 0.8796280000000001 0.022388099999999998 45.875 47.175 51.5 112.4451 110.4747
2.4438379759418067 54.7098 3.7359400000000003 4.346030000000001 0.8794290000000001 0.022368 45.8 47.2 51.5 112.38235 110.43435
2.445283540926632 54.7111 3.7336099999999997 4.3455699999999995 0.8800950000000001 0.022201099999999998 45.85 47.15 51.625 112.38799999999999 110.5537
2.446118696386491 54.7112 3.73481 4.3444199999999995 0.8798549999999999 0.022168900000000002 45.8875 47.05 51.5 112.38955 110.6102
2.446866472853756 54.7111 3.7324900000000003 4.34411 0.8797870000000001 0.0223703 45.9125 47.15000000000001 51.125 112.4084 110.56805
2.446779029565587 54.7135 3.73335 4.3453 0.879503 0.022437400000000003 45.8875 47.175 51.125 112.4474 110.52875
2.4478730023736825 54.7132 3.7337 4.3441 0.8796959999999999 0.0220937 45.825 47.15 51.5 112.4009 110.43555
2.448233846790544 54.7116 3.7323800000000005 4.34425 0.879875 0.0222406 45.7875 47.1 51.5 112.38275 110.4291
2.4494110863961565 54.7109 3.73105 4.3449800000000005 0.8794549999999999 0.022318599999999997 45.75 47.0 51.375 112.44935 110.49705
2.448832567434391 54.7085 3.7312300000000005 4.343999999999999 0.8797200000000001 0.022263599999999998 45.775 47.075 51.5 112.50695 110.4779
2.4541992306476557 54.7089 3.73043 4.342219999999999 0.8785379999999999 0.0220841 45.775 47.225 51.5 112.58135 110.63115
2.4517931716015964 54.7059 3.73262 4.34209 0.879584 0.0222488 45.7875 47.2 51.5 112.6938 110.7844
2.449375943262708 54.70399999999999 3.7303599999999997 4.34172 0.8799610000000001 0.0222274 45.9 47.175 51.5 112.7574 110.80105
2.446359944679251 54.6996 3.7336400000000003 4.3432 0.880065 0.022100400000000003 45.9 47.175 51.625 112.6931 110.7208
2.4501068740658183 54.6952 3.7364900000000003 4.34304 0.880135 0.0222049 45.8375 47.2 51.625 112.52835 110.5488
2.444457854166437 54.6906 3.7353400000000003 4.3426599999999995 0.8802030000000001 0.022107400000000003 45.85 47.15 51.25 112.47175 110.58200000000001
2.447759659985958 54.6872 3.73463 4.343430000000001 0.8798799999999999 0.022304 45.90000000000001 47.15 51.25 112.53695 110.6431
2.444452002490555 54.6844 3.73285 4.34261 0.8795379999999999 0.022075 45.975 47.25 51.5 112.544 110.56215
2.446067842880804 54.6794 3.73595 4.34368 0.881158 0.022318 45.85 47.2 51.5 112.50555 110.59915
2.449592041951758 54.6742 3.73377 4.34414 0.878534 0.0220667 45.8125 47.2 51.5 112.5369 110.73765
2.4479726866780798 54.6783 3.7332699999999996 4.34319 0.879799 0.0222351 45.825 47.125 51.625 112.59155 110.63285
2.445804604903877 54.6747 3.7380699999999996 4.34083 0.880223 0.0221078 45.825 47.025 51.625 112.5514 110.5442
2.452892996927652 54.6747 3.7377300000000004 4.34237 0.8795639999999999 0.0222348 45.8375 47.05 51.5 112.63845 110.69025
2.446573793035228 54.6708 3.73708 4.34293 0.879351 0.0220082 45.8375 47.15000000000001 51.375 112.6647 110.7194
2.4489511161439816 54.6682 3.7381599999999997 4.34351 0.8809610000000001 0.022093400000000003 45.8375 47.2 51.375 112.6115 110.65605
2.453425464623579 54.6656 3.73903 4.34368 0.879812 0.022127 45.8375 47.175 51.5 112.67675 110.6817
2.4534095583324755 54.6636 3.73846 4.34259 0.880122 0.0220006 45.8125 47.125 51.625 112.6549 110.60765
2.4497390670554777 54.6618 3.73697 4.34405 0.8797870000000001 0.021983900000000004 45.83750000000001 47.125 51.625 112.63125 110.6145
2.448772732480064 54.6627 3.73964 4.3445 0.8801969999999999 0.022102 45.7875 47.125 51.375 112.68165 110.7354
2.4562062826792896 54.6622 3.73999 4.34398 0.879424 0.0220005 45.775 47.125 51.25 112.69945 110.77785
2.45025141991754 54.6635 3.7391 4.34433 0.8798790000000001 0.022018400000000004 45.8 47.125 51.25 112.7067 110.8154
2.4552530117619726 54.6645 3.7392800000000004 4.34563 0.8808959999999999 0.0220793 45.7875 47.075 51.125 112.63585 110.73135
2.44957363425952 54.6674 3.73863 4.34569 0.880184 0.021928200000000002 45.8 47.1 51.25 112.6575 110.727
2.4526199037660663 54.6707 3.73881 4.34464 0.8803340000000001 0.0219703 45.7875 47.125 51.5 112.65135 110.7426
2.454905474120165 54.6728 3.73717 4.345619999999999 0.880343 0.021994299999999998 45.775 47.125 51.375 112.60305 110.70435
2.453551533995735 54.6752 3.7368900000000003 4.3451900000000006 0.879975 0.0219858 45.7375 47.05 51.25 112.65715 110.7265
2.4575562419947827 54.678000000000004 3.7363199999999996 4.34416 0.879711 0.0221784 45.7125 47.0 51.25 112.57415 110.6405
2.4579178712374232 54.6812 3.7383900000000003 4.34569 0.879592 0.0221045 45.7375 47.025 51.25 112.57205 110.6326
2.4540955865796072 54.6845 3.7340199999999997 4.345680000000001 0.878662 0.0222989 45.7625 47.0 51.25 112.645 110.611
2.4623055369993887 54.687 3.7342400000000002 4.34635 0.879634 0.022121099999999998 45.775 46.975 51.375 112.60605 110.62275
2.4601485090967854 54.6879 3.7343300000000004 4.34503 0.880453 0.0218353 45.775 47.0 51.5 112.63765 110.724
2.4594115824539733 54.6867 3.7325800000000005 4.34654 0.87933 0.0220773 45.7875 47.075 51.375 112.67855 110.61235
2.455044986024685 54.6865 3.73284 4.3457099999999995 0.8797459999999999 0.0219488 45.775 47.1 51.25 112.6926 110.7103
2.459006570813054 54.687 3.73236 4.34531 0.880446 0.022165099999999997 45.7625 47.075 51.25 112.752 110.8818
2.454820981473368 54.6839 3.7304699999999995 4.3421400000000006 0.879516 0.022084 45.7625 47.125 51.25 112.78535 110.7749
2.4552880333433653 54.6793 3.7311699999999997 4.34275 0.879984 0.0222912 45.7625 47.125 51.375 112.7441 110.6989
2.452510499500793 54.6782 3.7317199999999997 4.34238 0.879775 0.0220041 45.775 47.075 51.5 112.75255 110.82685
2.4535362860489385 54.6752 3.73314 4.34283 0.879339 0.0222069 45.8125 47.075 51.375 112.76755 110.7526
2.4523995703568913 54.6742 3.73401 4.34481 0.879885 0.022064 45.8125 47.2 51.5 112.7242 110.7184
2.454830476031596 54.6736 3.7336 4.34471 0.880344 0.0220067 45.825 47.3 51.5 112.72755 110.80245
2.4531427140791835 54.6722 3.73421 4.344119999999999 0.880166 0.0218851 45.8125 47.2 51.375 112.80735 110.7898
2.45443208147512 54.6705 3.73656 4.34546 0.8802540000000001 0.022011000000000003 45.7625 47.1 51.5 112.81525 110.84355
2.455040383291756 54.6664 3.73792 4.34309 0.87936 0.0219998 45.8125 47.05 51.5 112.73825 110.8583
2.4564110105656183 54.6593 3.73381 4.34464 0.8803639999999999 0.021936599999999997 45.8875 47.075 51.625 112.82215 110.84755
2.45579111741669 54.6551 3.7400800000000003 4.3438300000000005 0.880591 0.0223185 45.875 47.1 51.625 112.86355 110.9046
2.4536282488422647 54.6503 3.73684 4.34429 0.880518 0.0219956 45.8625 47.175 51.375 112.74615 110.879
2.452269376921524 54.6494 3.73812 4.34296 0.880283 0.022328 45.875 47.25 51.25 112.78915 110.8507
2.455664229752858 54.6452 3.73715 4.34265 0.879708 0.0221047 45.775 47.2 51.5 112.8297 110.88615
2.454710516339462 54.6439 3.7310199999999996 4.3444 0.879698 0.0222455 45.7625 47.15000000000001 51.25 112.72135 110.6952
2.4555228205855832 54.6411 3.74015 4.34114 0.880703 0.022142 45.775 47.125 51.125 112.7374 110.6487
2.4545331542442077 54.6357 3.73674 4.3422 0.881526 0.022066299999999997 45.825 47.025 51.25 112.8084 110.80915
2.455315778419692 54.638999999999996 3.7388800000000004 4.34463 0.8815620000000001 0.0215885 45.8625 47.0 51.375 112.82405 110.75735
2.452093801579512 54.6334 3.73947 4.34315 0.8800870000000001 0.022075099999999997 45.8875 47.125 51.625 112.7661 110.72505
2.4504667193996417 54.6311 3.73883 4.34143 0.879727 0.0221265 45.8875 47.15 51.625 112.73405 110.8302
2.4532913130636325 54.631 3.73734 4.34204 0.8805719999999999 0.022161900000000002 45.875 47.075 51.5 112.7654 110.8265
2.4526501080414462 54.6319 3.73886 4.34074 0.8801899999999999 0.0219843 45.8 47.075 51.5 112.64765 110.6922
2.453240166787513 54.63399999999999 3.7373800000000004 4.34159 0.8805219999999999 0.0220267 45.7875 47.15 51.5 112.6057 110.64905
2.4518907921891966 54.6357 3.7366699999999997 4.34185 0.879815 0.022017500000000002 45.8625 47.15 51.5 112.64095 110.75
2.4521306763907633 54.638999999999996 3.73674 4.341130000000001 0.88026 0.0220678 45.85 47.1 51.5 112.611 110.65885
2.4524263558983423 54.6413 3.73604 4.34261 0.880288 0.0220902 45.7875 47.1 51.375 112.66935 110.6513
2.453858154484132 54.6459 3.7351199999999998 4.34288 0.879948 0.022047900000000002 45.775 47.125 51.375 112.7504 110.7921
2.4488382223351453 54.6496 3.73359 4.34199 0.879767 0.021999400000000002 45.8375 47.1 51.375 112.78635 110.8356
2.4501753003112188 54.6561 3.73295 4.3413699999999995 0.8799549999999999 0.0220316 45.8375 47.1 51.5 112.76205 110.89615
2.4495714683837284 54.6596 3.7323699999999995 4.3412 0.8795930000000001 0.022150200000000002 45.875 47.125 51.5 112.75835 110.9197
2.452530410139474 54.6643 3.73254 4.34166 0.879659 0.0218455 45.90000000000001 47.125 51.25 112.70845 110.8114
2.4531105048003305 54.6658 3.73222 4.34128 0.8792469999999999 0.0217679 45.85 47.175 51.375 112.69255 110.69235
2.4476308022016133 54.6662 3.7325800000000005 4.34238 0.8798219999999999 0.0220522 45.83750000000001 47.225 51.375 112.6178 110.65775
2.4537565845914564 54.6659 3.7341 4.34302 0.879518 0.0220857 45.825 47.175 51.375 112.5482 110.6462
2.450373169164128 54.6644 3.7324599999999997 4.34273 0.879849 0.0220215 45.8125 47.125 51.375 112.6624 110.67555
2.4521370460958414 54.665 3.7327 4.34427 0.8790290000000001 0.0220998 45.85 47.125 51.25 112.8034 110.8467
2.450677894859054 54.6637 3.733 4.3451900000000006 0.8803559999999999 0.0218597 45.8625 47.125 51.25 112.77365 110.8054
2.4532683978486363 54.6624 3.73222 4.34531 0.8800040000000001 0.0221024 45.7875 47.1 51.25 112.7763 110.78415
2.451767509569624 54.6606 3.73064 4.34483 0.8801120000000001 0.0219797 45.85 47.1 51.375 112.87465 110.9813
2.449886548109261 54.6598 3.7326 4.34478 0.8795719999999999 0.0219017 45.925 47.125 51.625 112.8549 110.89895
2.4489316936535768 54.6584 3.73251 4.34524 0.879242 0.021938 45.825 47.125 51.75 112.84200000000001 110.8447
2.4519022022565946 54.6541 3.73345 4.34428 0.879501 0.021956299999999998 45.8125 47.125 51.625 112.8554 110.91845
2.4579716639597033 54.6511 3.7309400000000004 4.344119999999999 0.880452 0.0220911 45.875 47.225 51.375 112.85945 110.93495
2.4529592195012273 54.6481 3.7339599999999997 4.34408 0.8795700000000001 0.0219368 45.85 47.225 51.25 112.89665 111.03675
2.4579393837891845 54.6463 3.7341800000000003 4.34431 0.8800120000000001 0.022017500000000002 45.83750000000001 47.175 51.25 112.9351 111.0408
2.451283790938993 54.6444 3.7341599999999997 4.34516 0.879511 0.0221147 45.8875 47.2 51.375 112.89895 110.9883
2.456655183182641 54.6409 3.7343900000000003 4.3451900000000006 0.880441 0.0220645 45.875 47.2 51.5 112.85295 111.00515
2.4501695359908693 54.6373 3.73675 4.34544 0.8800040000000001 0.0219797 45.8 47.225 51.5 112.85225 110.93445
2.4489992211398284 54.6342 3.7360300000000004 4.34516 0.8804639999999999 0.021973 45.85 47.275 51.5 112.91675 110.95200000000001
2.448001117725639 54.6312 3.7349300000000003 4.3457300000000005 0.880498 0.0219119 45.8625 47.25 51.5 113.0179 111.1031
2.4443490679029303 54.6293 3.73755 4.34586 0.8805559999999999 0.0218696 45.8625 47.175 51.5 113.0856 111.13905
2.444852971973303 54.628 3.73999 4.34463 0.880307 0.0220983 45.9 47.2 51.5 113.01315 111.05235
2.4453914575268607 54.625 3.73969 4.34502 0.8807379999999999 0.021961599999999998 45.875 47.25 51.5 112.89995 111.0076
2.443843191045329 54.6231 3.74041 4.3463 0.880443 0.021934799999999997 45.9125 47.25 51.5 112.88765 110.94405
2.4445697431030933 54.6216 3.7408900000000003 4.34711 0.880426 0.0219797 46.02500000000001 47.175 51.5 112.9728 111.0301
2.4420944333656918 54.6187 3.74039 4.34706 0.8806120000000001 0.021903400000000003 46.0625 47.15000000000001 51.5 113.04665 111.1472
2.4372098086833525 54.6179 3.74025 4.345219999999999 0.880187 0.0218447 45.975 47.25 51.625 112.99345 111.002
2.4421425658848657 54.6185 3.74031 4.34574 0.8792280000000001 0.0218472 45.9625 47.25 51.625 113.0042 110.92405
2.441566385061965 54.6209 3.7397400000000003 4.34555 0.8800790000000001 0.021948500000000003 46.0 47.25 51.625 113.09425 111.06115
2.441373205877984 54.6217 3.7393199999999998 4.34584 0.8801329999999999 0.0218682 45.9875 47.25 51.625 113.00455 111.06255
2.4661053954571166 54.6399 3.73576 4.34625 0.8798370000000001 0.022030200000000003 45.875 46.8 50.75 112.9182 110.9341
2.469539354199976 54.6454 3.73259 4.34515 0.87975 0.0219841 45.9125 46.8 50.75 112.95895 111.03395
2.4663566508218024 54.6491 3.7343699999999997 4.34393 0.880274 0.021959799999999998 45.90000000000001 46.775 50.875 113.04865 111.1921
2.4704782832233136 54.6507 3.7320599999999997 4.34336 0.8795440000000001 0.0218965 45.825 46.75 51.125 113.0081 111.03395
2.463149901472993 54.6505 3.72875 4.340380000000001 0.880093 0.021909099999999997 45.875 46.8 51.25 112.97615 110.98285
2.4557709839012767 54.6523 3.73115 4.3401 0.879763 0.0218285 45.9125 46.90000000000001 51.375 112.99095 111.08235
2.4522287735529282 54.6535 3.72926 4.33927 0.879992 0.022177900000000004 45.8625 46.975 51.375 112.9108 110.99795
2.4493768033370924 54.6529 3.72946 4.33873 0.879815 0.021919 45.85 47.1 51.375 112.9027 110.92845
2.4399843429378483 54.6536 3.72645 4.3398 0.8796440000000001 0.028326499999999998 45.85 47.075 51.5 112.99785 111.0659
2.4468928522054942 54.6527 3.72874 4.33845 0.8792989999999999 0.022365 45.8875 47.075 51.625 113.06535 111.0954
2.436322348131974 54.6494 3.72804 4.3382 0.879237 0.0253446 45.9375 47.125 51.625 113.1702 111.15145
2.440750649805845 54.6485 3.7288699999999997 4.339230000000001 0.8793540000000001 0.0248683 45.96250000000001 47.175 51.625 113.2405 111.23975
2.4452280101789063 54.6467 3.7277400000000003 4.33905 0.880057 0.0222912 45.9375 47.225 51.75 113.139 111.17945
2.4480694714625653 54.6459 3.73021 4.339580000000001 0.879733 0.0218165 45.95 47.225 51.75 113.07995 111.0945
2.437749302062206 54.6436 3.7309699999999997 4.3395 0.8798520000000001 0.0268411 45.9875 47.325 51.75 113.1067 111.12455
2.4368801271427807 54.6424 3.7302199999999996 4.341130000000001 0.880533 0.022342599999999997 45.9375 47.27500000000001 51.625 113.05275 111.1193
2.44013588179752 54.6407 3.73147 4.34161 0.8805280000000001 0.021899900000000003 45.9875 47.375 51.625 113.0667 111.0591
2.427344494074334 54.6397 3.73299 4.34178 0.8809530000000001 0.021818599999999997 46.075 47.475 51.625 113.1099 111.19895
2.4297338679171547 54.6357 3.7329 4.34204 0.879776 0.0218028 46.075 47.35 51.75 113.03125 111.1224
2.43949453310687 54.6363 3.73334 4.3422 0.880101 0.0217678 46.075 47.3 52.0 113.05555 111.10695
2.4256684962193766 54.6344 3.73255 4.34186 0.8804040000000001 0.0217995 46.1 47.55 51.5 113.1409 111.21700000000001
2.4288487116123294 54.6313 3.7365699999999995 4.34259 0.880418 0.0217807 46.1625 47.45 51.75 113.1786 111.2221
2.424917968570123 54.6288 3.7348800000000004 4.34358 0.8806280000000001 0.0217182 46.21250000000001 47.425 51.75 113.227 111.3174
2.424853142721168 54.6255 3.7374300000000003 4.34275 0.8801030000000001 0.0219203 46.1375 47.475 51.625 113.27705 111.41885
2.4209876579489937 54.6222 3.73711 4.344180000000001 0.881108 0.0217759 46.1 47.52500000000001 51.625 113.32325 111.47415
2.4258502963178232 54.6199 3.7381 4.34375 0.880531 0.0218764 46.15 47.5 51.625 113.4043 111.50745
2.4248603124616817 54.6172 3.7368300000000003 4.3439 0.8806149999999999 0.0217278 46.15 47.425 51.75 113.4744 111.5699
2.4278317841916452 54.6175 3.73887 4.34428 0.88041 0.021691 46.125 47.375 51.75 113.44495 111.5992
2.4248681540318833 54.6181 3.7395 4.3446 0.880208 0.0217908 46.1375 47.325 51.75 113.48305 111.64095
2.4262646762697537 54.6176 3.73991 4.34499 0.8807379999999999 0.0218149 46.125 47.375 51.875 113.56485 111.66235
2.423953356313341 54.6194 3.7388800000000004 4.34433 0.8803719999999999 0.0217165 46.125 47.4 51.875 113.46895 111.40435
2.421730631997551 54.6213 3.7388800000000004 4.34443 0.881228 0.0217344 46.15 47.425 51.625 113.4159 111.35925
2.420783196780917 54.6236 3.7385900000000003 4.3446 0.87966 0.021650299999999997 46.1875 47.45 51.625 113.4871 111.5391
2.4174189293385058 54.6261 3.73864 4.34546 0.880624 0.021756900000000003 46.175 47.475 51.75 113.53255 111.6019
2.4200409776910807 54.6302 3.7388 4.34495 0.8805200000000001 0.0216826 46.1375 47.475 51.625 113.5084 111.5652
2.42725224231804 54.633 3.7376400000000003 4.34501 0.88079 0.021740400000000003 46.125 47.5 51.625 113.5103 111.57415
2.4211703686865107 54.6385 3.73697 4.3447 0.8798239999999999 0.021798400000000002 46.1625 47.5 51.625 113.6035 111.6233
2.4202861049694118 54.641999999999996 3.7363 4.34565 0.880684 0.0216972 46.21250000000001 47.425 51.625 113.6451 111.68615
2.4212916880522504 54.6456 3.7372 4.3456 0.8807229999999999 0.0218812 46.2 47.45 51.75 113.6719 111.74615
2.419349757188338 54.6485 3.7376699999999996 4.345619999999999 0.879914 0.0218023 46.21250000000001 47.475 51.75 113.7692 111.84915
2.4171132610565205 54.6511 3.73354 4.34509 0.8805459999999999 0.0218236 46.2875 47.45 51.625 113.9107 112.0731
2.417179682537036 54.6547 3.73349 4.34415 0.8798239999999999 0.0217956 46.3125 47.45 51.75 114.0122 112.1045
2.4150095553826545 54.6556 3.7332400000000003 4.3430800000000005 0.880015 0.021619299999999998 46.2375 47.45 51.75 114.09135 112.1045
2.4120953289969043 54.6572 3.7341699999999998 4.34249 0.8802270000000001 0.0217348 46.225 47.475 51.625 114.2311 112.3311
2.413124254891017 54.6569 3.7309099999999997 4.34283 0.8799389999999999 0.0217735 46.2625 47.475 51.875 114.3932 112.4733
2.413252058125166 54.6555 3.73167 4.34405 0.880447 0.0217735 46.2625 47.5 51.75 114.53045 112.5486
2.4093922076789034 54.6531 3.7325800000000005 4.34122 0.880365 0.021667500000000003 46.3 47.525 51.625 114.69615 112.7613
2.413126024693244 54.6525 3.7323699999999995 4.34301 0.8798549999999999 0.021953099999999996 46.3625 47.475 51.625 114.84915 112.89185
2.4139266185991097 54.6513 3.73235 4.34335 0.880295 0.021934099999999998 46.2875 47.475 51.625 114.91945 112.9331
2.4145099815451694 54.6491 3.73276 4.34283 0.8799389999999999 0.0216586 46.2625 47.5 51.75 114.89585 112.9698
2.4142536681372526 54.6477 3.73598 4.34247 0.8805200000000001 0.021584400000000004 46.3 47.45 51.625 114.8967 112.9998
2.4196982548696626 54.6458 3.73526 4.345330000000001 0.8802620000000001 0.021712400000000003 46.25 47.4 51.75 114.91765 113.0431
2.4236580709134445 54.6426 3.73544 4.34502 0.880044 0.0218729 46.21250000000001 47.375 51.875 114.9471 113.0699
2.420098200473784 54.6396 3.73706 4.345680000000001 0.880351 0.021805200000000004 46.2375 47.425 51.75 114.9626 113.0553
2.4161155695374514 54.6372 3.73976 4.34546 0.880006 0.0217678 46.275 47.4 51.75 115.03625 113.1571
2.421850935517764 54.6317 3.73944 4.34692 0.880216 0.0217078 46.25 47.35 51.75 115.22185 113.33195
2.4195677128172672 54.6271 3.73944 4.34656 0.880443 0.0219104 46.21250000000001 47.375 51.75 114.99485 113.06585
2.4256652788066555 54.6239 3.74225 4.34794 0.879711 0.021846599999999997 46.1375 47.40000000000001 51.75 114.58825 112.583
2.417236336590756 54.6214 3.7437099999999996 4.34968 0.880677 0.021663099999999998 46.075 47.45 51.75 114.4099 112.40785
2.422415139746311 54.6209 3.7420699999999996 4.34936 0.8795799999999999 0.0217364 46.15 47.35 51.5 114.29535 112.36200000000001
2.4215090405758444 54.6216 3.74263 4.34888 0.880682 0.0217087 46.1375 47.40000000000001 51.375 114.2631 112.3502
2.428290512948821 54.6242 3.74415 4.3487599999999995 0.880706 0.0215583 46.1 47.375 51.5 114.22325 112.2953
2.4234039095651414 54.6246 3.74387 4.349130000000001 0.88125 0.021806700000000002 46.02500000000001 47.325 51.875 114.2703 112.31815
2.4256036601624187 54.6267 3.7424800000000005 4.34842 0.881101 0.0216778 46.05 47.35 51.75 114.3477 112.46275
2.4269276468644314 54.626999999999995 3.74378 4.348319999999999 0.880691 0.0217288 46.0625 47.325 51.5 114.31635 112.4956
2.428022386179648 54.6262 3.74186 4.34693 0.88085 0.0216727 46.0625 47.325 51.625 114.18645 112.27795
2.429179642075794 54.6289 3.7427900000000003 4.34659 0.880064 0.0216155 46.0875 47.325 51.75 114.1625 112.17965
2.42686555494837 54.6321 3.74096 4.34684 0.879712 0.0218757 46.1 47.3 51.625 114.17255 112.1193
2.4242037884651717 54.6369 3.7433400000000003 4.34629 0.880124 0.0216768 46.1125 47.35 51.5 114.13585 112.12825
2.4274602299436743 54.6392 3.7414199999999997 4.34738 0.8809959999999999 0.0217013 46.05 47.35 51.625 114.2883 112.3947
2.432549301522381 54.6414 3.74044 4.34618 0.880519 0.0243852 46.0625 47.225 51.625 114.41525 112.52705
2.426863177694879 54.6448 3.74075 4.347659999999999 0.879194 0.022199299999999998 46.075 47.275 51.5 114.36345 112.3726
2.429694825652014 54.6493 3.7396199999999995 4.3457 0.87976 0.0217908 46.025 47.35 51.5 114.3795 112.4242
2.428898417825084 54.655 3.7375300000000005 4.34743 0.88015 0.0217215 46.0125 47.325 51.5 114.4703 112.6006
2.434037331979064 54.6601 3.73525 4.3453800000000005 0.8799170000000001 0.0222103 46.05 47.3 51.625 114.3961 112.5483
2.431929125169976 54.6629 3.7370900000000002 4.342980000000001 0.8794959999999999 0.0217291 46.0125 47.25 51.5 114.39555 112.4084
2.4313465346074783 54.6648 3.73465 4.3432900000000005 0.8798469999999999 0.0217419 45.95 47.275 51.375 114.4796 112.42295
2.4350250889332044 54.6661 3.73375 4.34173 0.880102 0.022581200000000003 46.0125 47.225 51.5 114.3723 112.48405
2.4362520575929274 54.6671 3.73485 4.34397 0.87987 0.0219888 46.0 47.125 51.375 114.3117 112.40685
2.438505169652014 54.6676 3.7373300000000005 4.34457 0.880058 0.0218262 45.925 47.1 51.375 114.3235 112.4121
2.443113153872141 54.6672 3.7364 4.346369999999999 0.879652 0.0219915 45.9375 47.15000000000001 51.375 114.30465 112.46335
2.4429471585079963 54.668 3.7338699999999996 4.3455699999999995 0.8803209999999999 0.0235599 45.96250000000001 47.2 51.375 114.3228 112.515
2.4437561132403656 54.6681 3.7334199999999997 4.3457099999999995 0.879819 0.0235628 45.9375 47.225 51.625 114.415 112.51795
2.441771508357021 54.6682 3.7358599999999997 4.3456 0.8795639999999999 0.024498500000000003 45.925 47.225 51.625 114.4242 112.50405
2.446889955517613 54.6669 3.7336 4.34596 0.880501 0.0220518 45.925 47.175 51.5 114.23295 112.3244
2.445776624229437 54.665 3.73615 4.34628 0.8801209999999999 0.0218952 45.925 47.175 51.5 114.3246 112.3613
2.440875668245332 54.6645 3.73693 4.34721 0.879871 0.021777900000000003 45.925 47.15000000000001 51.375 114.51835 112.56365
2.4436293418719166 54.6614 3.73671 4.34628 0.880217 0.021699200000000002 45.9625 47.15000000000001 51.375 114.33385 112.3474
2.440183763199852 54.6575 3.73805 4.347569999999999 0.8804059999999999 0.021884900000000002 46.0 47.25 51.625 114.2723 112.30685
2.437151090709392 54.6537 3.73805 4.34784 0.8807729999999999 0.0217662 45.95 47.25 51.625 114.19015 112.3502
2.4383839352335483 54.6502 3.7391099999999997 4.34808 0.8817020000000001 0.0215798 45.9125 47.25 51.375 114.1204 112.2526
2.436002340664348 54.6479 3.7414699999999996 4.34933 0.8808870000000001 0.0220587 45.8625 47.25 51.25 114.2919 112.31775
2.4379164612802278 54.6451 3.7402 4.34887 0.87992 0.021758700000000002 45.875 47.125 51.375 114.37175 112.30005
2.442920766347244 54.6441 3.7423900000000003 4.34966 0.8811190000000001 0.0216751 45.8875 47.15 51.5 114.3152 112.21085
2.442800909216667 54.6401 3.7428800000000004 4.34945 0.880333 0.021831 45.9125 47.2 51.5 114.32895 112.31845
2.44395763591448 54.6384 3.7415 4.35039 0.879748 0.0217702 45.9375 47.175 51.5 114.43695 112.51945
2.4402437429077084 54.6352 3.7429 4.35008 0.88046 0.021757299999999997 45.9 47.2 51.625 114.5774 112.71395
2.4410299521894347 54.6333 3.7426199999999996 4.3493 0.880799 0.0218765 45.9 47.2 51.75 114.68105 112.71005
2.436592118041905 54.6313 3.7449 4.35008 0.881172 0.0218618 45.875 47.3 51.75 114.5265 112.57345
2.4385092553372707 54.6305 3.7449199999999996 4.35088 0.881192 0.0217813 45.8875 47.275 51.625 114.3647 112.52485
2.441549325074569 54.6309 3.7456 4.35156 0.880774 0.0219535 45.975 47.225 51.5 114.39995 112.5456
2.4397835927868585 54.6312 3.74555 4.35073 0.88154 0.0217087 45.975 47.25 51.5 114.43715 112.5611
2.443909855612342 54.6301 3.74612 4.35184 0.880174 0.0216379 45.8875 47.225 51.375 114.4234 112.5246
2.440956949727453 54.6313 3.7433199999999998 4.35058 0.8803129999999999 0.0217334 45.9125 47.175 51.375 114.4467 112.4577
2.444300014423591 54.6326 3.7437 4.35089 0.880257 0.0218352 45.9125 47.15000000000001 51.5 114.49325 112.5237
2.446805495493209 54.6348 3.7433199999999998 4.35061 0.8800100000000001 0.0218437 45.8625 47.125 51.5 114.5276 112.6229
2.4440427869172106 54.6369 3.74243 4.34893 0.880977 0.0218519 45.8625 47.15 51.5 114.4377 112.4955
2.443952246146696 54.64 3.74269 4.35026 0.881007 0.0217689 45.85 47.15 51.5 114.32225 112.426
2.4497294082441567 54.6443 3.74195 4.34987 0.8806350000000001 0.021694 45.83750000000001 47.075 51.375 114.30855 112.4074
2.4463861881934847 54.6487 3.7393400000000003 4.3487800000000005 0.88076 0.0218153 45.83750000000001 47.075 51.25 114.37645 112.49535
2.447947848278506 54.6513 3.7378 4.34943 0.8803 0.0218058 45.8125 47.2 51.25 114.35985 112.59345
2.452352682997745 54.6536 3.7353199999999998 4.34633 0.8801629999999999 0.0217815 45.7625 47.125 51.375 114.43155 112.63015
2.4454878546002345 54.6566 3.7351400000000003 4.34435 0.880076 0.0216148 45.75 47.05 51.375 114.5167 112.59455
2.450372669371686 54.6576 3.7342800000000005 4.34279 0.8790399999999999 0.0215299 45.8125 47.1 51.25 114.4626 112.5454
2.4527828335665336 54.656000000000006 3.7337300000000004 4.34194 0.8796959999999999 0.0219079 45.8 47.075 51.375 114.44585 112.55945
2.4539188727511667 54.653999999999996 3.7321 4.3428 0.880531 0.0217167 45.8 47.125 51.375 114.4127 112.56965
2.4565603643986558 54.6528 3.7326099999999998 4.34045 0.8800540000000001 0.021947799999999996 45.83750000000001 47.15000000000001 51.375 114.34535 112.46205
2.452365333715448 54.6522 3.7334199999999997 4.3411599999999995 0.879533 0.0217201 45.85 47.1 51.375 114.4513 112.5152
2.4520805871972065 54.6492 3.7319199999999997 4.34045 0.879885 0.0215338 45.8 47.05 51.25 114.4651 112.6114
2.450380113606252 54.6477 3.73222 4.341819999999999 0.8797959999999999 0.021718400000000002 45.75 47.025 51.125 114.3035 112.44765
2.4538749319654936 54.6467 3.7328900000000003 4.34264 0.8804629999999999 0.0216014 45.8 47.075 51.125 114.2291 112.3104
2.4498611351320316 54.6458 3.7322599999999997 4.34277 0.879818 0.021678299999999998 45.7875 47.075 51.25 114.2922 112.4303
2.4558271081356664 54.6439 3.7328699999999997 4.34261 0.8806120000000001 0.0215226 45.75 47.0 51.5 114.3495 112.4738
2.471987029192328 54.6287 3.7367800000000004 4.3435 0.8804049999999999 0.0224515 45.725 46.5 50.5 114.61225 112.73255
2.474456955902896 54.6248 3.7383900000000003 4.34554 0.8806719999999999 0.0217705 45.71250000000001 46.525 50.625 114.5742 112.69375
2.465234626285874 54.6229 3.7382 4.345269999999999 0.8801030000000001 0.0217407 45.7 46.55 50.875 114.5585 112.61495
2.4680063372989416 54.6204 3.74215 4.34696 0.8805649999999999 0.0216576 45.71250000000001 46.625 51.125 114.3971 112.45365
2.461760235562134 54.6185 3.7409199999999996 4.34945 0.8804719999999999 0.0216551 45.7375 46.725 51.0 114.26865 112.37205
2.4599802980825625 54.6155 3.74411 4.35025 0.880743 0.0217039 45.7125 46.825 50.875 114.2984 112.33415
2.451616279175058 54.613 3.74508 4.35131 0.880441 0.021857400000000003 45.675 46.85 51.0 114.26665 112.4121
2.4521236755565416 54.6103 3.74476 4.35085 0.880948 0.0218932 45.7125 46.8 51.125 114.2635 112.46775
2.443573466900141 54.6065 3.7459599999999997 4.35133 0.8804139999999999 0.021787200000000003 45.725 46.8 51.25 114.2651 112.36015
2.4485878499300964 54.6073 3.74528 4.35313 0.879817 0.0218363 45.7 46.8 51.375 114.16605 112.314
2.4451933602832034 54.6088 3.7429900000000003 4.3528400000000005 0.880526 0.0218713 45.675 46.9 51.375 114.20605 112.36195
2.4394585006529717 54.6103 3.74425 4.35272 0.8804629999999999 0.022030200000000003 45.675 47.0 51.375 114.3562 112.41075
2.4454816244000432 54.6121 3.74471 4.35201 0.879633 0.0218352 45.71250000000001 47.0 51.375 114.46105 112.45025
2.4429166470358177 54.6134 3.7434199999999995 4.3528199999999995 0.880666 0.0217815 45.675 47.0 51.25 114.41435 112.40445
2.4483771388222166 54.617 3.74346 4.3523 0.8795229999999999 0.021938 45.625 47.0 51.125 114.26755 112.35495
2.441545278776664 54.6192 3.7434199999999995 4.35236 0.8804040000000001 0.021571200000000002 45.6625 46.975 51.25 114.20715 112.3228
2.441308247441192 54.6205 3.74044 4.35211 0.8808739999999999 0.0216056 45.7375 46.975 51.375 114.3577 112.46075
2.4427197221875594 54.6244 3.73984 4.35254 0.879468 0.0217961 45.725 46.925 51.375 114.4544 112.611
2.447103070103416 54.6279 3.73989 4.35295 0.880122 0.0218061 45.6875 46.975 51.5 114.2963 112.3586
2.4446222664203643 54.6309 3.73866 4.352069999999999 0.880194 0.0215776 45.7 47.05 51.5 114.3663 112.40745
2.4479015417999164 54.6346 3.73635 4.35002 0.880389 0.0216194 45.6875 47.0 51.375 114.4405 112.5951
2.4461661906992487 54.6354 3.7321400000000002 4.35144 0.879547 0.0217039 45.6375 46.95 51.25 114.31375 112.43305
2.450138959755948 54.6362 3.73346 4.3457099999999995 0.8794629999999999 0.021890599999999996 45.65000000000001 46.875 51.125 114.2739 112.3279
2.448520960179069 54.6324 3.73043 4.34483 0.879533 0.0218839 45.725 46.925 51.125 114.23955 112.2765
2.452238400872764 54.6339 3.73368 4.34755 0.8803139999999999 0.021668400000000004 45.6875 46.925 51.25 114.1758 112.24
2.4482489644279566 54.6331 3.7313699999999996 4.33861 0.87903 0.0219897 45.675 46.85 51.25 114.3214 112.4178
2.448858450430069 54.6301 3.7295 4.33914 0.8794540000000001 0.021741 45.6375 46.975 51.5 114.37475 112.52735
2.4457997166015955 54.6275 3.73072 4.3383 0.880649 0.021575099999999996 45.625 47.0 51.5 114.2683 112.40115
2.452703450186006 54.626000000000005 3.73078 4.33865 0.879711 0.021650299999999997 45.675 46.9 51.25 114.238 112.32600000000001
2.446748923414283 54.6232 3.72919 4.33701 0.8799389999999999 0.021783599999999997 45.625 46.875 51.125 114.29405 112.382
2.444696563623896 54.6209 3.7290099999999997 4.33659 0.880584 0.0217935 45.6625 46.875 51.125 114.32085 112.3785
2.450092425454685 54.6191 3.7309699999999997 4.33744 0.881182 0.02179 45.6875 46.9 51.25 114.19995 112.24615
2.4465107165106508 54.6161 3.73043 4.33734 0.879948 0.0216457 45.6375 46.9 51.25 114.17265 112.2209
2.4499884181449976 54.6124 3.73167 4.33795 0.880676 0.021715099999999998 45.6125 46.975 51.25 114.1936 112.27215
2.445378039542232 54.6092 3.7356599999999998 4.338019999999999 0.880016 0.0218384 45.58750000000001 46.925 51.25 114.0815 112.1147
2.4478665084313667 54.6068 3.73759 4.34162 0.8804799999999999 0.0215799 45.58750000000001 46.85 51.25 114.04505 112.07415
2.450848263184189 54.604 3.73579 4.34414 0.880302 0.0217891 45.6 46.95 51.25 114.2472 112.3597
2.4460379876917764 54.6023 3.73825 4.34635 0.8800889999999999 0.021674099999999998 45.6 47.0 51.25 114.3718 112.48525
2.4452982666185537 54.5994 3.7400599999999997 4.3482 0.881466 0.0216584 45.65 47.05 51.25 114.30855 112.39645
2.454532252563977 54.596000000000004 3.74045 4.347659999999999 0.881127 0.021524400000000003 45.65 47.0 51.25 114.20085 112.3564
2.4446732624046854 54.5931 3.7402 4.34759 0.880417 0.021678 45.6125 46.95 51.25 114.12415 112.3792
2.4439679477559246 54.5902 3.74111 4.34854 0.880458 0.021491 45.625 46.90000000000001 51.25 114.26585 112.46345
2.445906399313377 54.5876 3.74137 4.34812 0.88065 0.021942 45.625 46.925 51.25 114.36085 112.4677
2.44916841455456 54.5855 3.73887 4.34857 0.880815 0.021705900000000004 45.575 46.925 51.25 114.3198 112.4605
2.4460989536368274 54.5861 3.74195 4.34821 0.8811549999999999 0.0216882 45.6 46.90000000000001 51.125 114.4502 112.5593
2.4461421269664307 54.5846 3.74405 4.348409999999999 0.880307 0.0217069 45.625 46.925 51.125 114.34815 112.3799
2.453884926048872 54.5818 3.74254 4.35001 0.880051 0.0217693 45.5875 46.85 51.25 114.1922 112.2951
2.448166999208595 54.5833 3.74186 4.35037 0.8799030000000001 0.021745 45.575 46.85 51.125 114.3066 112.45625
2.4563998769010564 54.586999999999996 3.7424699999999995 4.35015 0.8799440000000001 0.0218412 45.6 47.0 51.125 114.2823 112.38675
2.452737240781661 54.591 3.74195 4.35045 0.8808860000000001 0.0217717 45.6125 46.975 51.25 114.1767 112.30055
2.454041266992861 54.5963 3.7391900000000002 4.35088 0.881215 0.0217667 45.6375 46.875 51.25 114.24225 112.35395
2.4532430886876395 54.5982 3.73924 4.35038 0.880619 0.0215772 45.625 46.875 51.375 114.31385 112.41945
2.454262623861338 54.6032 3.7396800000000003 4.34708 0.880416 0.0217848 45.6 46.90000000000001 51.5 114.2326 112.38695
2.456124066789672 54.6064 3.7393199999999998 4.351 0.88002 0.022066299999999997 45.6125 46.925 51.375 114.249 112.4038
2.4529653116029344 54.6092 3.73507 4.34724 0.880049 0.021544900000000002 45.65 46.95 51.375 114.2562 112.43085
2.456954842056922 54.6124 3.74169 4.34917 0.8802059999999999 0.0220081 45.7 46.925 51.375 114.1476 112.25515
2.4566847312918862 54.6097 3.7362300000000004 4.35233 0.8805559999999999 0.0216432 45.71250000000001 46.925 51.25 114.07485 112.0826
2.447813879532548 54.6127 3.73336 4.34944 0.879865 0.0217544 45.6875 46.95 51.25 114.15715 112.2334
2.4507555986370515 54.6128 3.73035 4.3485 0.879993 0.0218791 45.6375 46.95 51.375 114.34485 112.51655
2.4457511005021333 54.611000000000004 3.7335199999999995 4.34445 0.880149 0.021351099999999998 45.65000000000001 46.925 51.375 114.4901 112.6661
2.446119600655272 54.6074 3.72939 4.34226 0.880606 0.0217875 45.7 46.825 51.25 114.5333 112.5834
2.450499384306389 54.6053 3.73095 4.34105 0.880122 0.0215845 45.6625 46.825 51.125 114.4575 112.44225
2.4510140574391763 54.6034 3.7299900000000004 4.33871 0.879724 0.021699799999999998 45.5875 46.90000000000001 51.125 114.43245 112.52335
2.4569076353838417 54.6006 3.7309 4.3383 0.879883 0.0217315 45.575 46.875 51.25 114.55655 112.6745
2.457334185669848 54.5968 3.7303300000000004 4.3383199999999995 0.879949 0.0216082 45.575 46.825 51.25 114.49665 112.5929
2.4580148291270825 54.5935 3.72765 4.3375 0.880049 0.021688299999999997 45.5875 46.8 51.25 114.27035 112.32185
2.4473440885674758 54.5922 3.7319699999999996 4.3385 0.8809110000000001 0.0217019 45.5875 46.825 51.125 114.12915 112.22285
2.4464560415664365 54.5892 3.7304699999999995 4.33866 0.880481 0.0217078 45.5875 46.825 51.0 114.19085 112.3059
2.451611855804725 54.5873 3.73049 4.3383400000000005 0.8808219999999999 0.021561700000000003 45.5625 46.85 51.125 114.3037 112.3812
2.4491247230290525 54.5854 3.7299599999999997 4.3383400000000005 0.8798309999999999 0.0217575 45.5375 46.925 51.25 114.29895 112.39085
2.451997621659268 54.5813 3.7321199999999997 4.33904 0.8796959999999999 0.0216725 45.575 46.875 51.25 114.4177 112.5109
2.451065751946932 54.5778 3.73336 4.34065 0.8812180000000001 0.0279546 45.575 46.8 51.25 114.4503 112.57255
2.456447629987649 54.5722 3.735 4.3394900000000005 0.880302 0.0221516 45.5 46.775 51.25 114.3712 112.38935
2.4551994277877043 54.5711 3.73409 4.33956 0.8794649999999999 0.0217476 45.4 46.775 51.125 114.35405 112.3632
2.4577942076810984 54.5674 3.73656 4.34134 0.8806950000000001 0.0211959 45.4875 46.8 51.125 114.34365 112.3556
2.4544517885205392 54.5634 3.73765 4.34281 0.878976 0.021691 45.6 46.85 51.25 114.39655 112.37295
2.4534818942753542 54.5614 3.7392800000000004 4.34569 0.8809379999999999 0.0227722 45.6 46.8 51.25 114.47515 112.4809
2.45272047432546 54.5555 3.73999 4.34666 0.8804270000000001 0.0221043 45.58750000000001 46.85 51.25 114.5358 112.6352
2.454250377450176 54.5547 3.7458 4.34684 0.880784 0.0215914 45.5625 46.875 51.25 114.41345 112.58275
2.4574502330311843 54.5551 3.74391 4.34853 0.8800610000000001 0.0214499 45.5375 46.825 51.25 114.32145 112.41145
2.457251405228038 54.5531 3.73785 4.34823 0.8804930000000001 0.0218101 45.575 46.8 51.0 114.4424 112.47815
2.4575272653120535 54.55 3.74134 4.3478699999999995 0.880669 0.0213036 45.5875 46.85 51.0 114.4239 112.51815
2.4645395861289483 54.5496 3.7428 4.35044 0.881561 0.021559000000000002 45.55 46.775 51.0 114.20815 112.36985
2.4594167675820517 54.5544 3.7363 4.3456 0.8806889999999999 0.021790200000000003 45.5125 46.75 51.0 114.09305 112.27735
2.4644784322660027 54.5565 3.73846 4.3465300000000004 0.8804540000000001 0.0216243 45.5125 46.77500000000001 51.25 114.14135 112.3163
2.4635116192131457 54.558 3.74212 4.347090000000001 0.878857 0.021492599999999997 45.575 46.77500000000001 51.25 114.3791 112.5143
2.458577258166116 54.5618 3.74039 4.34703 0.880508 0.021085200000000002 45.5375 46.825 51.125 114.5005 112.66405
2.459568391738351 54.5659 3.7376699999999996 4.3474900000000005 0.8805370000000001 0.021701599999999998 45.5375 46.825 51.0 114.4545 112.5851
2.45682079415307 54.5684 3.73832 4.34807 0.880102 0.021499900000000002 45.58750000000001 46.825 51.125 114.47725 112.49925
2.455141253331814 54.5702 3.7365199999999996 4.34804 0.8804870000000001 0.0214739 45.625 46.775 51.25 114.3333 112.3016
2.4564778977917534 54.5725 3.73581 4.3451699999999995 0.8799610000000001 0.0216916 45.5875 46.825 51.25 114.30195 112.34565
2.457032371924309 54.574 3.7339300000000004 4.34636 0.8802399999999999 0.0216175 45.5125 46.9 51.25 114.31055 112.42200000000001
2.45516627454942 54.5736 3.73615 4.34669 0.879608 0.021621400000000002 45.525 46.85 51.375 114.30805 112.4113
2.457750935074813 54.5724 3.7343699999999997 4.34814 0.879581 0.0215675 45.525 46.775 51.25 114.3884 112.4406
2.458676869929346 54.5702 3.73244 4.34684 0.8794799999999999 0.0217235 45.5375 46.7 51.25 114.34825 112.41565
2.46206247887451 54.5688 3.7329199999999996 4.34629 0.8806219999999999 0.0216798 45.5375 46.725 51.375 114.36995 112.41075
2.4590400625592186 54.5679 3.7322599999999997 4.34577 0.8804780000000001 0.0217383 45.525 46.8 51.25 114.3738 112.4527
2.460546589656937 54.5659 3.7332300000000003 4.34399 0.879102 0.0216041 45.525 46.775 51.125 114.4845 112.6463
2.4635745193191267 54.5629 3.7321199999999997 4.344130000000001 0.879993 0.02155 45.5 46.85 51.0 114.5642 112.58805
2.45932040703312 54.5591 3.73256 4.34356 0.8800690000000001 0.021728400000000002 45.46250000000001 46.95 51.0 114.60085 112.64245
2.463238048580164 54.553000000000004 3.7333300000000005 4.34288 0.8801030000000001 0.0216399 45.4875 46.875 51.125 114.68385 112.80625
2.460793482907408 54.5478 3.73105 4.34259 0.880152 0.0218305 45.4875 46.825 51.125 114.6484 112.7134
2.4612165525900624 54.5422 3.73368 4.3434 0.879742 0.0216612 45.5 46.85 51.0 114.66055 112.7109
2.4571432805316453 54.5383 3.73285 4.342219999999999 0.87985 0.021544099999999997 45.5 46.825 51.0 114.72365 112.80165
2.46106347309463 54.5365 3.73379 4.34169 0.880618 0.0215946 45.5625 46.775 51.0 114.6054 112.6674
2.460057070461992 54.5319 3.7345800000000002 4.34328 0.879942 0.021544999999999998 45.6375 46.775 50.875 114.35125 112.4894
2.4591556771768945 54.528999999999996 3.73345 4.34237 0.8803620000000001 0.0217689 45.55 46.775 50.875 114.34865 112.47585
2.4630223430199294 54.5262 3.7363699999999995 4.34178 0.879034 0.021579499999999998 45.5125 46.775 51.125 114.5156 112.5475
2.461232401862198 54.5223 3.7358599999999997 4.34211 0.880006 0.021546700000000002 45.475 46.8 51.0 114.5626 112.53825
2.458921118950512 54.5203 3.73691 4.34328 0.8802110000000001 0.0215138 45.525 46.825 50.875 114.53755 112.48105
2.4570008383050213 54.5171 3.73794 4.34166 0.880526 0.0216194 45.575 46.825 51.125 114.4914 112.55965
2.456989093485024 54.5159 3.7393 4.34392 0.879551 0.0216572 45.5375 46.75 51.125 114.36395 112.54505
2.458378077658393 54.5134 3.7390199999999996 4.34283 0.8801829999999999 0.0216854 45.55 46.825 51.125 114.3086 112.4624
2.454785147689118 54.5119 3.7395099999999997 4.343430000000001 0.8797299999999999 0.021649 45.5625 46.875 51.25 114.36025 112.4505
2.4561729114725943 54.5096 3.7404300000000004 4.3445599999999995 0.8801770000000001 0.0217091 45.575 46.8 51.25 114.41895 112.54125
2.4607597535896573 54.5087 3.74094 4.3457300000000005 0.8803200000000001 0.0215947 45.5375 46.75 51.25 114.45825 112.5372
2.458106650818029 54.5076 3.7390199999999996 4.345330000000001 0.880074 0.0216248 45.4875 46.77500000000001 51.25 114.39495 112.45735
2.4596771637071444 54.5077 3.74004 4.34556 0.880315 0.0215492 45.45 46.8 51.125 114.5187 112.60585
2.4563284218239083 54.5092 3.74126 4.34556 0.88035 0.0217567 45.4375 46.825 51.0 114.5915 112.70605
2.459830402075301 54.5109 3.74045 4.34556 0.880818 0.021742599999999997 45.475 46.85 50.875 114.60455 112.6929
2.4634996234966167 54.5148 3.7362900000000003 4.34531 0.8800549999999999 0.021785099999999998 45.5125 46.8 50.875 114.6157 112.68115
2.4649210793924383 54.519 3.7366599999999996 4.345219999999999 0.8800370000000001 0.0217889 45.5125 46.75 51.0 114.508 112.6197
2.4644592944475114 54.5211 3.73593 4.3433 0.87995 0.0214552 45.425 46.7 51.0 114.61075 112.72995
2.4830253926600068 54.5341 3.73116 4.3436900000000005 0.87992 0.0217061 45.45 45.95 50.25 114.62799999999999 112.77545
2.4915333779734943 54.533 3.7329 4.344180000000001 0.88026 0.021533700000000003 45.4375 46.0 50.25 114.43185 112.52535
2.4871172874682417 54.534 3.73397 4.34401 0.879861 0.021558900000000002 45.425 46.125 50.5 114.266 112.39405
2.481965038539144 54.5354 3.73095 4.34432 0.880296 0.021781099999999998 45.3875 46.25 50.625 114.248 112.36365
2.4736450765223847 54.5345 3.73065 4.344469999999999 0.879182 0.021547900000000002 45.45 46.225 50.625 114.44875 112.5643
2.4749887313364094 54.5335 3.73368 4.34494 0.8791129999999999 0.0217108 45.4625 46.3 50.625 114.4479 112.56535
2.4653408070582707 54.531000000000006 3.73334 4.3444400000000005 0.879864 0.0215382 45.325 46.45 50.625 114.4895 112.58235
2.4665236906011434 54.5272 3.7329 4.34397 0.880058 0.0215569 45.2875 46.475 50.75 114.6247 112.7728
2.4598123176528746 54.5231 3.73339 4.34492 0.879971 0.0216946 45.325 46.45 50.75 114.65325 112.65995
2.4605746676734284 54.5192 3.73308 4.34401 0.880084 0.0216488 45.35 46.4 50.75 114.62115 112.61345
2.4605678843955516 54.5135 3.7348800000000004 4.3441 0.87976 0.021796 45.325 46.4 50.75 114.72055 112.75965
2.453970113036287 54.5106 3.73598 4.34475 0.8791450000000001 0.0216245 45.35 46.5 51.0 114.7662 112.79055
2.454038585210834 54.5059 3.7354199999999995 4.34434 0.88095 0.021523900000000002 45.3375 46.625 51.125 114.66945 112.7855
2.4666978211038453 54.5007 3.73664 4.3457300000000005 0.880076 0.0216794 45.3125 46.625 51.0 114.7248 112.9157
2.4684464630379077 54.4978 3.7366 4.342980000000001 0.879776 0.0218424 45.325 46.625 51.125 114.8279 112.92695
2.466624242879732 54.4941 3.7377599999999997 4.34466 0.8785850000000001 0.0218446 45.3125 46.675 51.0 114.79725 112.901
2.47055813098078 54.4902 3.7383800000000003 4.34389 0.879815 0.021627599999999997 45.3125 46.65000000000001 50.875 114.7754 112.93765
2.468322140510266 54.4876 3.74001 4.34365 0.880216 0.0217313 45.325 46.6 50.875 114.78085 112.93345
2.4681746732238548 54.483999999999995 3.73812 4.34336 0.8800520000000001 0.0217225 45.3125 46.575 50.875 114.811 113.02225
2.4703620002751903 54.4807 3.73918 4.34451 0.8796879999999999 0.0216672 45.3 46.55 51.0 114.8022 112.92745
2.474714941659621 54.4802 3.74001 4.34545 0.879791 0.021590599999999998 45.325 46.65 51.0 113.9576 111.96475
2.4734142417177662 54.479 3.7394199999999995 4.34548 0.8806290000000001 0.0216008 45.2875 46.675 51.0 113.19495 111.2111
2.472170346919698 54.4786 3.7384 4.34549 0.879865 0.021676499999999998 45.2625 46.625 50.875 113.22565 111.31445
2.4731681240379904 54.4798 3.73786 4.3445599999999995 0.879956 0.021674900000000004 45.3 46.575 51.0 113.18495 111.2509
2.4730532600161057 54.4812 3.73786 4.34419 0.880235 0.021594099999999998 45.3125 46.525 51.0 113.2706 111.34395
2.4636207495195133 54.4847 3.7386800000000004 4.3434800000000005 0.8807530000000001 0.0217482 45.27500000000001 46.525 50.875 113.30465 111.43525
2.462504885850717 54.4856 3.7381300000000004 4.34364 0.879921 0.0216861 45.3 46.525 51.0 113.13565 111.22275
2.465571560410113 54.4871 3.73794 4.34445 0.880266 0.022359099999999996 45.375 46.625 51.0 113.2291 111.24085
2.4725100726217524 54.4909 3.7375800000000003 4.34342 0.880027 0.0228633 45.35 46.575 50.875 113.30805 111.32965
2.471654199024035 54.4928 3.7364 4.34457 0.880208 0.021858199999999998 45.325 46.52500000000001 50.875 113.20615 111.31435
2.471552860545541 54.4981 3.738 4.34428 0.879432 0.0215914 45.33750000000001 46.6 51.0 113.35335 111.4525
2.4725542661229447 54.5032 3.7349099999999997 4.343369999999999 0.879547 0.023773500000000003 45.3 46.575 50.875 113.54125 111.57855
2.4724599055455045 54.5073 3.7345699999999997 4.342569999999999 0.880307 0.021880700000000003 45.225 46.525 50.75 113.45825 111.47515
2.4699003985445342 54.5104 3.733 4.343380000000001 0.8801559999999999 0.0215461 45.2375 46.55 50.875 113.29855 111.36035
2.469428481615377 54.5106 3.7333800000000004 4.34342 0.88008 0.0218583 45.2625 46.625 51.0 113.3232 111.4206
2.474464554411409 54.5117 3.7310199999999996 4.34318 0.8797149999999999 0.0215657 45.275 46.575 50.875 113.4133 111.49485
2.469220411639716 54.511 3.7317400000000003 4.342980000000001 0.879265 0.0217054 45.2875 46.575 51.0 113.38600000000001 111.4871
2.4732462133803663 54.5123 3.73074 4.34164 0.879232 0.02172 45.3 46.575 51.125 113.40185 111.51415
2.4758919803986585 54.5106 3.73331 4.3444 0.881453 0.0218476 45.325 46.525 51.0 113.47975 111.5154
2.4740820929225684 54.5103 3.7314 4.3429199999999994 0.880531 0.0216274 45.33750000000001 46.55 50.875 113.52595 111.47925
2.4734860809549133 54.5064 3.7299900000000004 4.34436 0.879861 0.021753799999999997 45.35 46.5 50.875 113.51435 111.53155
2.474148014951649 54.5051 3.73391 4.34392 0.8803549999999999 0.0216769 45.33750000000001 46.575 51.0 113.59505 111.6611
2.4702790687302425 54.5009 3.73395 4.34462 0.8795930000000001 0.0217406 45.35 46.7 50.875 113.5254 111.60285
2.4702064406524014 54.498000000000005 3.7324599999999997 4.34472 0.880373 0.02165 45.35 46.6 50.875 113.32235 111.3852
2.474943486590772 54.4958 3.7345900000000003 4.34399 0.880709 0.0215531 45.3125 46.55 51.0 113.35005 111.4347
2.4702602622158287 54.494 3.7346 4.34491 0.8803190000000001 0.021818 45.35 46.65000000000001 51.0 113.31695 111.4426
2.467694463574216 54.4942 3.73487 4.34354 0.879534 0.0216984 45.3625 46.725 51.0 113.2632 111.3924
2.4654975627989133 54.493 3.7339 4.3432900000000005 0.879534 0.0219067 45.325 46.7 51.0 113.31325 111.5295
2.4681729336283413 54.492 3.73391 4.3438 0.8798219999999999 0.0217309 45.325 46.65 51.0 113.36575 111.5479
2.4683562980664884 54.4913 3.73581 4.34555 0.880338 0.021858700000000002 45.35 46.6 51.25 113.3996 111.5282
2.468038222837156 54.4893 3.73595 4.34495 0.880508 0.0234218 45.4125 46.575 51.125 113.47715 111.5377
2.462595274625496 54.4855 3.7361 4.34578 0.8803790000000001 0.0217145 45.475 46.65 51.0 113.4574 111.5502
2.4677754779410277 54.4862 3.7369199999999996 4.34678 0.8805069999999999 0.0215605 45.46250000000001 46.675 51.125 113.4602 111.6153
2.459089898624999 54.4845 3.73885 4.34736 0.8795229999999999 0.021708599999999998 45.45 46.7 51.125 113.5243 111.6218
2.4636422819189203 54.4805 3.7386800000000004 4.34616 0.8798959999999999 0.021562599999999998 45.45 46.725 51.125 113.5035 111.5925
2.4634310298953648 54.4766 3.7375199999999995 4.3459900000000005 0.880023 0.021600599999999998 45.46250000000001 46.65 51.125 113.6091 111.6195
2.4584439055936738 54.4713 3.73996 4.34671 0.880281 0.021559099999999998 45.5125 46.725 51.0 113.69775 111.78855
2.4601951633197423 54.4701 3.7407 4.3453800000000005 0.8806860000000001 0.0215889 45.5 46.8 51.125 113.6413 111.82645
2.4645472892849725 54.4687 3.73864 4.3459900000000005 0.87956 0.0215399 45.46250000000001 46.775 51.125 113.62595 111.76605
2.455477470409406 54.4714 3.7381599999999997 4.345 0.879925 0.021616200000000002 45.475 46.8 51.125 113.58545 111.69355
2.4505675796093747 54.4743 3.7386 4.344869999999999 0.87989 0.021728599999999997 45.55 46.875 51.375 113.51175 111.6221
2.4481359513423824 54.476000000000006 3.73969 4.34529 0.880094 0.021789799999999998 45.55 46.95 51.375 113.4328 111.51835
2.4538951147994585 54.48 3.73711 4.34455 0.879872 0.0216493 45.52500000000001 46.925 51.5 113.30185 111.4211
2.4486538699036733 54.4845 3.73578 4.343780000000001 0.880519 0.0217318 45.6 46.825 51.625 113.4127 111.5877
2.448833197496572 54.4882 3.7368 4.34352 0.8794709999999999 0.0220216 45.625 46.825 51.375 113.5317 111.6818
2.4454294087760835 54.4934 3.73589 4.34173 0.880634 0.0217083 45.625 46.90000000000001 51.125 113.5086 111.65425
2.4502216270437547 54.4988 3.7324300000000004 4.34267 0.879712 0.021405200000000003 45.625 46.925 51.25 113.62735 111.69335
2.4516745122407406 54.5021 3.73405 4.34312 0.8802399999999999 0.021790200000000003 45.6125 46.925 51.5 113.557 111.67365
2.4426054503034105 54.5073 3.73315 4.3428 0.880056 0.0218649 45.6125 46.975 51.375 113.4345 111.522
2.4429554487253493 54.50899999999999 3.73326 4.34304 0.879459 0.0219001 45.6625 46.9 51.375 113.5549 111.5771
2.444743186012667 54.5105 3.73403 4.34311 0.88013 0.021693900000000002 45.6375 46.925 51.5 113.55595 111.6357
2.440813380260841 54.5112 3.7320699999999998 4.34379 0.879476 0.0216002 45.6 47.075 51.5 113.46935 111.5653
2.438048611020428 54.5114 3.73193 4.3431 0.87923 0.0218168 45.6375 47.05 51.375 113.4188 111.47545
2.434713910838528 54.5109 3.7298 4.34313 0.879717 0.0217713 45.675 47.025 51.375 113.5549 111.61535
2.438178774475325 54.5086 3.7315 4.344069999999999 0.879942 0.0219036 45.71250000000001 47.075 51.5 113.7156 111.8284
2.4361797126167866 54.5079 3.7312199999999995 4.343430000000001 0.879756 0.021653400000000003 45.725 47.125 51.5 113.60525 111.7654
2.4485290145181327 54.5061 3.7301900000000003 4.34274 0.880495 0.0217546 45.71250000000001 47.125 51.375 113.5434 111.6924
2.449660131214148 54.5061 3.7287 4.339840000000001 0.8802129999999999 0.0216208 45.725 47.1 51.375 113.6405 111.7278
2.447220811247368 54.5046 3.72929 4.33924 0.879534 0.0216359 45.7375 47.125 51.5 113.7228 111.85505
2.4431691322767395 54.5021 3.72787 4.33836 0.879444 0.0217616 45.71250000000001 47.175 51.375 113.64225 111.71395
2.443494481193724 54.5014 3.72855 4.336469999999999 0.879941 0.021609200000000002 45.7 47.225 51.25 113.6778 111.6472
2.4410478078091127 54.4995 3.7288099999999997 4.33671 0.879492 0.0218238 45.725 47.175 51.375 113.6764 111.62595
2.442391088089761 54.4979 3.7327 4.3368 0.8797020000000001 0.0218236 45.7875 47.175 51.5 113.6172 111.6609
2.4382603442759425 54.497 3.73075 4.33511 0.88026 0.0216917 45.8125 47.225 51.5 113.7797 111.792
2.440438641058911 54.4947 3.7296300000000002 4.33507 0.879828 0.0216666 45.8125 47.2 51.5 113.8375 111.73685
2.4405003717348195 54.4915 3.7299300000000004 4.3362300000000005 0.8801829999999999 0.0216002 45.7875 47.125 51.5 113.7652 111.68595
2.4432945840686355 54.492 3.73136 4.33629 0.87976 0.0218179 45.8 47.125 51.375 113.7592 111.7581
2.442616734850375 54.4924 3.73293 4.3360199999999995 0.879876 0.0216365 45.85 47.2 51.25 113.77315 111.8067
2.444394030797805 54.4911 3.7337599999999997 4.33882 0.880141 0.021609299999999998 45.8 47.1 51.5 113.70265 111.72135
2.4440456726435213 54.4887 3.7348800000000004 4.33715 0.8806350000000001 0.0217962 45.8 47.1 51.375 113.6922 111.7273
2.4398958411484166 54.483999999999995 3.736 4.337219999999999 0.879833 0.0214983 45.825 47.15000000000001 51.375 113.65835 111.6634
2.4400597436222564 54.4821 3.7351199999999998 4.33805 0.8799600000000001 0.0215986 45.83750000000001 47.2 51.375 113.5685 111.67865
2.4401065429675155 54.4812 3.7363699999999995 4.33967 0.879936 0.0216945 45.8625 47.175 51.5 113.62985 111.73025
2.439554125382021 54.4815 3.73607 4.34047 0.879986 0.0216245 45.8625 47.175 51.625 113.6746 111.58195
2.4492643518935355 54.4835 3.7357400000000003 4.34053 0.8800959999999999 0.0216908 45.8125 47.175 51.375 113.7056 111.5958
2.44436256829497 54.4852 3.7381599999999997 4.3417 0.879912 0.021699799999999998 45.8125 47.225 51.375 113.76055 111.70985
2.4456403858006834 54.4873 3.7370699999999997 4.34126 0.87981 0.021628799999999997 45.7875 47.3 51.5 113.89485 111.86435
2.4478897298890585 54.4923 3.73616 4.3417699999999995 0.8800020000000001 0.0217915 45.7375 47.275 51.375 113.89965 111.9193
2.4498139258778338 54.4969 3.73664 4.34272 0.87969 0.0218118 45.77500000000001 47.225 51.375 113.77115 111.85995
2.45165359445139 54.5003 3.73505 4.34342 0.879985 0.0216484 45.8125 47.15000000000001 51.375 113.7581 111.7971
2.443741146163798 54.5064 3.73509 4.3421 0.879935 0.0218046 45.825 47.15000000000001 51.5 113.73835 111.7595
2.4482127085696708 54.5121 3.7353400000000003 4.3413900000000005 0.8801040000000001 0.021658700000000003 45.83750000000001 47.1 51.625 113.809 111.8827
2.448036318799026 54.5158 3.73478 4.34273 0.879893 0.021545500000000002 45.8 47.05 51.625 113.8654 111.9624
2.441629376948743 54.52 3.73268 4.33979 0.880308 0.0217155 45.7875 47.15000000000001 51.5 113.8023 111.87515
2.4441268079721112 54.5229 3.73083 4.34196 0.8796870000000001 0.0217231 45.8375 47.175 51.375 113.73355 111.71575
2.4454115799189036 54.523999999999994 3.73066 4.34005 0.878807 0.021688299999999997 45.7875 47.225 51.5 113.78485 111.7312
2.446510621904224 54.5263 3.72692 4.33864 0.879791 0.021656 45.7375 47.225 51.375 113.7988 111.8497
2.4416171604899364 54.5266 3.73023 4.33864 0.8803040000000001 0.0218483 45.7625 47.2 51.375 113.82345 111.8934
2.435306239257424 54.5268 3.7304 4.33852 0.879604 0.0216546 45.8 47.2 51.5 113.8876 111.97325
2.4389840870032815 54.5266 3.72914 4.33901 0.879259 0.0215655 45.83750000000001 47.1 51.5 113.7813 111.9043
2.4444132783390238 54.5266 3.7283800000000005 4.3383199999999995 0.8800889999999999 0.021636900000000004 45.83750000000001 47.125 51.375 113.7071 111.79125
2.4385184118762164 54.527 3.72966 4.33809 0.879431 0.0216032 45.8 47.175 51.375 113.7443 111.78735
2.441125537119777 54.5262 3.73035 4.33887 0.8795930000000001 0.0216945 45.7875 47.1 51.5 113.46985 111.43595
2.446195078303808 54.5254 3.72729 4.33816 0.879051 0.0215436 45.77500000000001 47.1 51.375 113.19845 111.206
2.4434422164620218 54.525 3.7289 4.33817 0.879875 0.021641 45.71250000000001 47.1 51.25 113.14455 111.25535
2.445713348185093 54.5252 3.7314199999999995 4.33857 0.880302 0.021697900000000003 45.75 47.125 51.375 113.1227 111.25765
2.4393404521339086 54.5239 3.73046 4.33806 0.88002 0.0216068 45.8 47.2 51.375 113.1671 111.2327
2.4404575751190443 54.5225 3.7302199999999996 4.3382 0.880341 0.021611599999999998 45.7625 47.15000000000001 51.375 113.14595 111.2111
2.4428956218959494 54.5205 3.73066 4.33894 0.8797709999999999 0.0216549 45.7625 47.075 51.625 112.91225 111.03065
2.442984226480785 54.5212 3.7317099999999996 4.33868 0.8804270000000001 0.021861500000000002 45.8125 46.95 51.5 112.7256 110.8081
2.4495597562719227 54.5197 3.73239 4.33953 0.8800600000000001 0.0218421 45.85 46.975 51.25 112.73775 110.7177
2.44847425575538 54.5167 3.73325 4.3386 0.879801 0.021730700000000002 45.85 47.1 51.25 113.0888 111.0826
2.442954421617024 54.5151 3.73429 4.339230000000001 0.879768 0.0216609 45.8 47.02500000000001 51.25 113.43055 111.47705
2.4466628019695404 54.5111 3.73582 4.33908 0.8790129999999999 0.0216891 45.775 46.95 51.25 113.4877 111.5743
2.4547178617351757 54.5077 3.73644 4.34085 0.879927 0.021348699999999998 45.7 46.6 50.75 113.41913333333332 111.60673333333334
2.4616394349434723 54.508 3.7358300000000004 4.34021 0.8800629999999999 0.021761199999999998 45.7875 46.575 50.625 113.26533333333332 111.44666666666666
2.4658770994933454 54.5102 3.73607 4.34106 0.879923 0.0217651 45.8375 46.575 50.75 113.29413333333332 111.41473333333332
2.4621281857535764 54.5125 3.73506 4.33911 0.880019 0.0216167 45.75 46.7 51.0 113.26546666666668 111.31783333333334
2.4534310127771866 54.5143 3.73596 4.33826 0.880131 0.021574700000000002 45.7 46.8 51.0 113.29813333333334 111.33163333333334
2.4541550744323244 54.5192 3.7363199999999996 4.3392800000000005 0.880083 0.0215728 45.6875 46.775 51.0 113.31656666666667 111.37786666666666
2.45316463694848 54.5219 3.7347599999999996 4.33789 0.8800969999999999 0.021761000000000003 45.6 46.775 51.0 113.279 111.37553333333334
2.4504486666133247 54.526 3.7353699999999996 4.339230000000001 0.880302 0.0218392 45.55 46.75 51.125 113.30273333333334 111.42023333333331
2.451543415826704 54.5324 3.73329 4.33939 0.8796370000000001 0.02167 45.58750000000001 46.725 51.25 113.28065 111.37225
2.4481048966960848 54.5389 3.7331199999999995 4.33904 0.879542 0.021708099999999998 45.625 46.75 51.25 113.26725 111.3003
2.4515670315825657 54.5438 3.7320300000000004 4.33885 0.8794860000000001 0.021758700000000002 45.65 46.75 51.25 113.25295 111.3556
2.4453247489485976 54.5469 3.7300699999999996 4.33779 0.879655 0.021575099999999996 45.6125 46.825 51.25 113.20785 111.1978
2.4424861019665687 54.5491 3.73189 4.3388599999999995 0.8794850000000001 0.021683 45.55 46.95 51.25 113.17775 111.11355
2.4436096855028184 54.5514 3.7276800000000003 4.33702 0.8801040000000001 0.0216581 45.575 46.95 51.25 113.2077 111.21465
2.4447346394137868 54.5529 3.72831 4.33706 0.8803340000000001 0.021612299999999997 45.5875 46.9 51.25 113.2352 111.33735
2.4481740606068523 54.5536 3.7273099999999997 4.33536 0.879481 0.0217306 45.5375 46.9 51.25 113.308 111.43305
2.4456653451707524 54.5538 3.72611 4.33271 0.879552 0.021789199999999998 45.5625 46.85 51.25 113.34485 111.37285
2.4442062407320075 54.5533 3.7248900000000003 4.33272 0.8801549999999999 0.0217033 45.58750000000001 46.85 51.25 113.23065 111.20975
2.4496662962417 54.553000000000004 3.72738 4.33335 0.879199 0.0216364 45.6 46.95 51.25 113.29425 111.22535
2.453205031623544 54.5499 3.72644 4.3322199999999995 0.8798239999999999 0.0216641 45.5625 46.925 51.25 113.4287 111.4007
2.4505707374206747 54.5474 3.7265300000000003 4.33185 0.879775 0.0217548 45.475 46.875 51.125 113.3813 111.39035
2.4479002007594524 54.5462 3.7271 4.33254 0.8799379999999999 0.021747299999999997 45.5125 46.85 51.25 113.43315 111.4123
2.450336051907988 54.5448 3.7271900000000002 4.33151 0.879324 0.0216817 45.58750000000001 46.9 51.5 113.4157 111.4483
2.4491176145430447 54.5428 3.727 4.33228 0.879699 0.0245359 45.5625 46.875 51.5 113.28299999999999 111.38535
2.4507661242521768 54.5389 3.72655 4.33231 0.879649 0.0228842 45.5625 46.85 51.25 113.185 111.32145
2.449146259355465 54.5364 3.7273300000000003 4.33215 0.87979 0.0216583 45.5625 46.875 51.125 113.1931 111.3497
2.451793174450953 54.5317 3.72888 4.33213 0.879193 0.0215808 45.55 46.8 51.25 113.3639 111.4554
2.4468415744469136 54.5304 3.72989 4.33341 0.879663 0.0214649 45.575 46.85 51.25 113.36865 111.4173
2.447684281178 54.5279 3.7292199999999998 4.3326400000000005 0.8796280000000001 0.0217266 45.575 46.925 51.375 113.20335 111.2932
